0.11 8 10
0.1 8 10
0.09 8 10
0.08 8 10
0.07 8 10
0.06 8 10
0.085 8 10
0.095 8 10
0.105 8 10
0.115 8 10
0.12 8 10
0.091 8 10
0.092 8 10
0.093 8 10
0.094 8 10
0.0915 8 10
0.0925 8 10
0.0935 8 10
0.0945 8 10
0.0905 8 10
0.106 12 10
0.107 12 10
0.108 12 10
0.109 12 10
0.1055 12 10
0.1065 12 10
0.1075 12 10
0.1085 12 10
0.1095 12 10
0.11 12 10
0.1 12 10
0.09 12 10
0.08 12 10
0.07 12 10
0.06 12 10
0.085 12 10
0.095 12 10
0.105 12 10
0.115 12 10
0.12 12 10
0.12 6 10
0.11 6 10
0.1 6 10
0.09 6 10
0.08 6 10
0.07 6 10
0.06 6 10
0.12 4 10
0.11 4 10
0.1 4 10
0.09 4 10
0.08 4 10
0.07 4 10
0.06 4 10