0.110 8 10
0.111 8 10
0.11155 8 10
0.1116 8 10
0.112 8 10
0.113 8 10
0.114 8 10
0.115 8 10
0.140 16 10
0.141 16 10
0.142 16 10
0.143 16 10
0.144 16 10
0.145 16 10
0.146 16 10
0.147 16 10
0.148 16 10
0.149 16 10
0.150 16 10
0.150 21.32002 10
0.155 21.32002 10
0.160 21.32002 10
0.165 21.32002 10
0.155 24 10
0.160 24 10
0.165 24 10
0.170 24 10
0.175 24 10
0.175 32 10
0.180 32 10
0.185 32 10
0.190 32 10
0.195 32 10
0.200 32 10
0.190 40 10
0.195 40 10
0.200 40 10
0.205 40 10
0.210 40 10
0.215 40 10
0.200 48 10
0.205 48 10
0.210 48 10
0.215 48 10
0.220 48 10
0.225 48 10
