0.11 8 10 0.2
0.12 8 10 0.2
0.13 8 10 0.2
0.14 8 10 0.2
0.15 8 10 0.2
0.16 8 10 0.2
0.14 16 10 0.2
0.15 16 10 0.2
0.16 16 10 0.2
0.17 16 10 0.2
0.18 16 10 0.2
0.19 16 10 0.2
0.2 16 10 0.2
0.16 21.32002 10 0.2
0.17 21.32002 10 0.2
0.18 21.32002 10 0.2
0.19 21.32002 10 0.2
0.20 21.32002 10 0.2
0.21 21.32002 10 0.2
0.17 24 10 0.2
0.18 24 10 0.2
0.19 24 10 0.2
0.2 24 10 0.2
0.21 24 10 0.2
0.22 24 10 0.2
0.25 32 10 0.2
0.2 32 10 0.2
0.21 32 10 0.2
0.22 32 10 0.2
0.23 32 10 0.2
0.24 32 10 0.2
0.22 40 10 0.2
0.23 40 10 0.2
0.24 40 10 0.2
0.25 40 10 0.2
0.26 40 10 0.2
0.27 40 10 0.2
0.24 48 10 0.2
0.25 48 10 0.2
0.26 48 10 0.2
0.27 48 10 0.2
0.28 48 10 0.2
0.29 48 10 0.2
