0.10 8 10 0.2
0.105 8 10 0.2
0.115 8 10 0.2
0.155 16 10 0.2
0.165 16 10 0.2
0.175 24 10 0.2
0.185 24 10 0.2
0.175 32 10 0.2
0.18 32 10 0.2
0.185 32 10 0.2
0.19 32 10 0.2
0.195 32 10 0.2
0.07 8 10 -0.2
0.06 8 10 -0.2
0.055 8 10 -0.2
0.054 8 10 -0.2
0.053 8 10 -0.2
0.052 8 10 -0.2
0.051 8 10 -0.2
0.05 8 10 -0.2
0.12 16 10 -0.2
0.11 16 10 -0.2
0.109 16 10 -0.2
0.108 16 10 -0.2
0.107 16 10 -0.2
0.106 16 10 -0.2
0.105 16 10 -0.2
0.1 16 10 -0.2
0.18 24 10 -0.2
0.17 24 10 -0.2
0.165 24 10 -0.2
0.164 24 10 -0.2
0.163 24 10 -0.2
0.162 24 10 -0.2
0.161 24 10 -0.2
0.16 24 10 -0.2
0.23 32 10 -0.2
0.225 32 10 -0.2
0.224 32 10 -0.2
0.223 32 10 -0.2
0.222 32 10 -0.2
0.221 32 10 -0.2
0.22 32 10 -0.2
