0.023 8 10 -0.5
0.021 8 10 -0.5
0.022 8 10 -0.5
0.024 8 10 -0.5
0.0205 8 10 -0.5
0.0215 8 10 -0.5
0.0225 8 10 -0.5
0.0235 8 10 -0.5
0.0245 8 10 -0.5
0.030 16 10 -0.5
0.035 16 10 -0.5
0.040 16 10 -0.5
0.041 16 10 -0.5
0.042 16 10 -0.5
0.043 16 10 -0.5
0.044 16 10 -0.5
0.045 16 10 -0.5
0.046 16 10 -0.5
0.047 16 10 -0.5
0.048 16 10 -0.5
0.049 16 10 -0.5
0.050 16 10 -0.5
0.052 16 10 -0.5
0.054 16 10 -0.5
0.056 16 10 -0.5
0.058 16 10 -0.5
0.05 24 10 -0.5
0.055 24 10 -0.5
0.06 24 10 -0.5
0.061 24 10 -0.5
0.062 24 10 -0.5
0.063 24 10 -0.5
0.064 24 10 -0.5
0.065 24 10 -0.5
0.066 24 10 -0.5
0.067 24 10 -0.5
0.068 24 10 -0.5
0.069 24 10 -0.5
0.0905 32 10 -0.5
0.091 32 10 -0.5
0.0915 32 10 -0.5
0.0920 32 10 -0.5
0.0925 32 10 -0.5
0.0930 32 10 -0.5
0.0935 32 10 -0.5
0.094 32 10 -0.5
0.0945 32 10 -0.5
0.0950 32 10 -0.5
0.0955 32 10 -0.5
0.0960 32 10 -0.5
0.0965 32 10 -0.5
0.0970 32 10 -0.5
0.0975 32 10 -0.5
0.0980 32 10 -0.5
0.0985 32 10 -0.5
0.0990 32 10 -0.5
0.0995 32 10 -0.5
0.10 32 10 -0.2
0.11 32 10 -0.2
0.12 32 10 -0.2
0.13 32 10 -0.2
0.14 32 10 -0.2
0.15 32 10 -0.2
0.16 32 10 -0.2
0.17 32 10 -0.2
0.18 32 10 -0.2
