0.152 8 10 0.2
0.154 8 10 0.2
0.156 8 10 0.2
0.158 8 10 0.2
0.172 16 10 0.2
0.174 16 10 0.2
0.176 16 10 0.2
0.178 16 10 0.2
0.151 8 10 0.2
0.153 8 10 0.2
0.155 8 10 0.2
0.157 8 10 0.2
0.159 8 10 0.2
0.171 16 10 0.2
0.173 16 10 0.2
0.175 16 10 0.2
0.177 16 10 0.2
0.179 16 10 0.2
0.201 24 10 0.2
0.202 24 10 0.2
0.203 24 10 0.2
0.204 24 10 0.2
0.205 24 10 0.2
0.206 24 10 0.2
0.207 24 10 0.2
0.208 24 10 0.2
0.209 24 10 0.2
0.211 32 10 0.2
0.212 32 10 0.2
0.213 32 10 0.2
0.214 32 10 0.2
0.215 32 10 0.2
0.216 32 10 0.2
0.217 32 10 0.2
0.218 32 10 0.2
0.219 32 10 0.2
0.241 40 10 0.2
0.242 40 10 0.2
0.243 40 10 0.2
0.244 40 10 0.2
0.245 40 10 0.2
0.246 40 10 0.2
0.247 40 10 0.2
0.248 40 10 0.2
0.249 40 10 0.2
