0.02 8 10 -0.5
0.08 16 10 -0.5
0.08 24 10 -0.5
0.1 32 10 -0.5
0.03 8 10 -0.5
0.065 16 10 -0.5
0.09 24 10 -0.5
0.11 32 10 -0.5
0.04 8 10 -0.5
0.06 16 10 -0.5
0.1 24 10 -0.5
0.12 32 10 -0.5
0.05 8 10 -0.5
0.075 16 10 -0.5
0.11 24 10 -0.5
0.09 32 10 -0.5
0.025 8 10 -0.5
0.07 16 10 -0.5
0.12 24 10 -0.5
0.13 32 10 -0.5
0.035 8 10 -0.5
0.11 16 10 -0.5
0.13 24 10 -0.5
0.15 32 10 -0.5
0.045 8 10 -0.5
0.105 16 10 -0.5
0.14 24 10 -0.5
0.01 8 10 -0.5
0.085 16 10 -0.5
0.07 24 10 -0.5
0.14 32 10 -0.5
0.09 16 10 -0.5
0.095 16 10 -0.5
0.1 16 10 -0.5


