0.0531 8 10 -0.2
0.0532 8 10 -0.2
0.0533 8 10 -0.2
0.0534 8 10 -0.2
0.0535 8 10 -0.2
0.0536 8 10 -0.2
0.0537 8 10 -0.2
0.0538 8 10 -0.2
0.0539 8 10 -0.2
0.101 16 10 -0.2
0.102 16 10 -0.2
0.103 16 10 -0.2
0.104 16 10 -0.2
0.1015 16 10 -0.2
0.1005 16 10 -0.2
0.1025 16 10 -0.2
0.1035 16 10 -0.2
0.1045 16 10 -0.2
0.159 24 10 -0.2
0.15 24 10 -0.2
0.152 24 10 -0.2
0.154 24 10 -0.2
0.156 24 10 -0.2
0.158 24 10 -0.2
0.151 24 10 -0.2
0.153 24 10 -0.2
0.157 24 10 -0.2
0.18 32 10 -0.2
0.19 32 10 -0.2
0.20 32 10 -0.2
0.21 32 10 -0.2
0.17 32 10 -0.2
0.16 32 10 -0.2
0.15 32 10 -0.2
