0.02 0.0018761 10 -0.5 256
0.04 0.0018761 10 -0.5 256
0.06 0.0018761 10 -0.5 256
0.08 0.0018761 10 -0.5 256
0.1 0.0018761 10 -0.5 256
0.12 0.0018761 10 -0.5 256
0.04 0.0037523 10 -0.5 256
0.06 0.0037523 10 -0.5 256
0.08 0.0037523 10 -0.5 256
0.1 0.0037523 10 -0.5 256
0.12 0.0037523 10 -0.5 256
0.14 0.0037523 10 -0.5 256
0.025 0.0075046 10 -0.5 128
0.05 0.0075046 10 -0.5 128
0.075 0.0075046 10 -0.5 128
0.1 0.0075046 10 -0.5 128
0.125 0.0075046 10 -0.5 128
0.15 0.0075046 10 -0.5 128
0.175 0.0075046 10 -0.5 128
0.025 0.0075046 10 -0.5 256
0.05 0.0075046 10 -0.5 256
0.075 0.0075046 10 -0.5 256
0.1 0.0075046 10 -0.5 256
0.125 0.0075046 10 -0.5 256
0.15 0.0075046 10 -0.5 256
0.175 0.0075046 10 -0.5 256
0.06 0.0150094 10 -0.5 128
0.07 0.0150094 10 -0.5 128
0.08 0.0150094 10 -0.5 128
0.09 0.0150094 10 -0.5 128
0.1 0.0150094 10 -0.5 128
0.11 0.0150094 10 -0.5 128
0.12 0.0150094 10 -0.5 128
0.13 0.0150094 10 -0.5 128
0.14 0.0150094 10 -0.5 128
0.15 0.0150094 10 -0.5 128
0.06 0.0150094 10 -0.5 256
0.07 0.0150094 10 -0.5 256
0.08 0.0150094 10 -0.5 256
0.09 0.0150094 10 -0.5 256
0.1 0.0150094 10 -0.5 256
0.11 0.0150094 10 -0.5 256
0.12 0.0150094 10 -0.5 256
0.13 0.0150094 10 -0.5 256
0.14 0.0150094 10 -0.5 256
0.15 0.0150094 10 -0.5 256
0.1 0.0300187 10 -0.5 128
0.12 0.0300187 10 -0.5 128
0.14 0.0300187 10 -0.5 128
0.16 0.0300187 10 -0.5 128
0.18 0.0300187 10 -0.5 128
0.2 0.0300187 10 -0.5 128
0.1 0.0300187 10 -0.5 256
0.12 0.0300187 10 -0.5 256
0.14 0.0300187 10 -0.5 256
0.16 0.0300187 10 -0.5 256
0.18 0.0300187 10 -0.5 256
0.2 0.0300187 10 -0.5 256
0.1 0.0450281 10 -0.5 128
0.12 0.0450281 10 -0.5 128
0.14 0.0450281 10 -0.5 128
0.16 0.0450281 10 -0.5 128
0.18 0.0450281 10 -0.5 128
0.2 0.0450281 10 -0.5 128
0.14 0.0600375 10 -0.5 128
0.16 0.0600375 10 -0.5 128
0.18 0.0600375 10 -0.5 128
0.2 0.0600375 10 -0.5 128
0.22 0.0600375 10 -0.5 128
0.24 0.0600375 10 -0.5 128
0.16 0.0750468 10 -0.5 128
0.18 0.0750468 10 -0.5 128
0.2 0.0750468 10 -0.5 128
0.22 0.0750468 10 -0.5 128
0.24 0.0750468 10 -0.5 128
0.26 0.0750468 10 -0.5 128
0.28 0.0750468 10 -0.5 128
0.20 0.0900562 10 -0.5 128
0.22 0.0900562 10 -0.5 128
0.24 0.0900562 10 -0.5 128
0.26 0.0900562 10 -0.5 128
0.28 0.0900562 10 -0.5 128
0.3 0.0900562 10 -0.5 128