0.062 0.0037523 10 -0.5 256
0.064 0.0037523 10 -0.5 256
0.066 0.0037523 10 -0.5 256
0.068 0.0037523 10 -0.5 256
0.07 0.0037523 10 -0.5 256
0.072 0.0037523 10 -0.5 256
0.074 0.0037523 10 -0.5 256
0.076 0.0037523 10 -0.5 256
0.078 0.0037523 10 -0.5 256
0.0134 0.0018761 10 -0.5 256
0.0136 0.0018761 10 -0.5 256
0.0138 0.0018761 10 -0.5 256
0.08 0.0075046 10 -0.5 256
0.082 0.0075046 10 -0.5 256
0.084 0.0075046 10 -0.5 256
0.086 0.0075046 10 -0.5 256
0.088 0.0075046 10 -0.5 256
0.090 0.0075046 10 -0.5 256
0.092 0.0075046 10 -0.5 256
0.094 0.0075046 10 -0.5 256
0.096 0.0075046 10 -0.5 256
0.098 0.0075046 10 -0.5 256
0.089 0.0075046 10 -0.5 128
0.0895 0.0075046 10 -0.5 128
0.0885 0.0075046 10 -0.5 128
0.202 0.075047 10 -0.5 128
0.204 0.075047 10 -0.5 128
0.206 0.075047 10 -0.5 128
0.208 0.075047 10 -0.5 128
0.210 0.075047 10 -0.5 128
0.212 0.075047 10 -0.5 128
0.214 0.075047 10 -0.5 128
0.216 0.075047 10 -0.5 128
0.218 0.075047 10 -0.5 128
0.1465 0.030019 10 -0.5 128
0.147 0.030019 10 -0.5 128
0.1475 0.030019 10 -0.5 128
0.112 0.015009 10 -0.5 256
0.114 0.015009 10 -0.5 256
0.115 0.015009 10 -0.5 256
0.1145 0.015009 10 -0.5 256
0.115 0.015009 10 -0.5 128
0.1145 0.015009 10 -0.5 128
0.182 0.060038 10 -0.5 128
0.184 0.060038 10 -0.5 128
0.186 0.060038 10 -0.5 128
0.188 0.060038 10 -0.5 128
0.19 0.060038 10 -0.5 128
0.192 0.060038 10 -0.5 128
0.194 0.060038 10 -0.5 128
0.196 0.060038 10 -0.5 128
0.198 0.060038 10 -0.5 128
0.2 0.0060038 10 -0.5 128
0.17 0.045028 10 -0.5 128
0.172 0.045028 10 -0.5 128
0.174 0.045028 10 -0.5 128
0.176 0.045028 10 -0.5 128
0.178 0.045028 10 -0.5 128