0.052 0.0037523 10 0.5 256
0.054 0.0037523 10 0.5 256
0.056 0.0037523 10 0.5 256
0.058 0.0037523 10 0.5 256
0.06 0.0037523 10 0.5 256
0.062 0.0037523 10 0.5 256
0.064 0.0037523 10 0.5 256
0.066 0.0037523 10 0.5 256
0.068 0.0037523 10 0.5 256
0.07 0.0037523 10 0.5 256
0.072 0.0037523 10 0.5 256
0.005 0.0018761 10 0.5 256
0.01 0.0018761 10 0.5 256
0.015 0.0018761 10 0.5 256
0.02 0.0018761 10 0.5 256
0.078 0.0075046 10 0.5 256
0.078 0.0075046 10 0.5 128
0.08 0.0075046 10 0.5 256
0.08 0.0075046 10 0.5 128
0.082 0.0075046 10 0.5 256
0.082 0.0075046 10 0.5 128
0.084 0.0075046 10 0.5 256
0.084 0.0075046 10 0.5 128
0.086 0.0075046 10 0.5 256
0.086 0.0075046 10 0.5 128
0.09 0.0075046 10 0.5 256
0.09 0.0075046 10 0.5 128
0.092 0.0075046 10 0.5 256
0.092 0.0075046 10 0.5 128
0.096 0.0075046 10 0.5 256
0.096 0.0075046 10 0.5 128
0.128 0.030019 10 0.5 128
0.13 0.030019 10 0.5 128
0.134 0.030019 10 0.5 128
0.138 0.030019 10 0.5 128
0.142 0.030019 10 0.5 128
0.146 0.030019 10 0.5 128
0.105 0.015009 10 0.5 256
0.105 0.015009 10 0.5 128
0.108 0.015009 10 0.5 256
0.108 0.015009 10 0.5 128
0.11 0.015009 10 0.5 256
0.11 0.015009 10 0.5 128
0.115 0.015009 10 0.5 256
0.115 0.015009 10 0.5 128
0.12 0.015009 10 0.5 256
0.12 0.015009 10 0.5 128
0.22 0.090056 10 0.5 128
0.24 0.090056 10 0.5 128
0.26 0.090056 10 0.5 128
0.28 0.090056 10 0.5 128
0.3 0.090056 10 0.5 128
0.32 0.090056 10 0.5 128
0.025 0.075047 10 0.5 128
0.05 0.075047 10 0.5 128
0.075 0.075047 10 0.5 128
0.1 0.075047 10 0.5 128
0.125 0.075047 10 0.5 128
0.15 0.075047 10 0.5 128
0.175 0.075047 10 0.5 128
0.2 0.075047 10 0.5 128
0.025 0.060038 10 0.5 128
0.05 0.060038 10 0.5 128
0.075 0.060038 10 0.5 128
0.1 0.060038 10 0.5 128
0.125 0.060038 10 0.5 128
0.15 0.060038 10 0.5 128
0.175 0.060038 10 0.5 128
0.2 0.060038 10 0.5 128
0.152 0.045028 10 0.5 128
0.154 0.045028 10 0.5 128
0.156 0.045028 10 0.5 128
0.158 0.045028 10 0.5 128
0.16 0.045028 10 0.5 128
0.162 0.045028 10 0.5 128
0.166 0.045028 10 0.5 128
0.17 0.045028 10 0.5 128
0.172 0.045028 10 0.5 128