0.062 0.0037523 10 -0.5 256
0.064 0.0037523 10 -0.5 256
0.066 0.0037523 10 -0.5 256
0.068 0.0037523 10 -0.5 256
0.07 0.0037523 10 -0.5 256
0.072 0.0037523 10 -0.5 256
0.074 0.0037523 10 -0.5 256
0.076 0.0037523 10 -0.5 256
0.078 0.0037523 10 -0.5 256
0.01 0.0018761 10 -0.5 256
0.011 0.0018761 10 -0.5 256
0.012 0.0018761 10 -0.5 256
0.013 0.0018761 10 -0.5 256
0.014 0.0018761 10 -0.5 256
0.015 0.0018761 10 -0.5 256
0.016 0.0018761 10 -0.5 256
0.017 0.0018761 10 -0.5 256
0.018 0.0018761 10 -0.5 256
0.019 0.0018761 10 -0.5 256
0.078 0.0075046 10 -0.5 256
0.078 0.0075046 10 -0.5 128
0.08 0.0075046 10 -0.5 256
0.08 0.0075046 10 -0.5 128
0.082 0.0075046 10 -0.5 256
0.082 0.0075046 10 -0.5 128
0.084 0.0075046 10 -0.5 256
0.084 0.0075046 10 -0.5 128
0.086 0.0075046 10 -0.5 256
0.086 0.0075046 10 -0.5 128
0.088 0.0075046 10 -0.5 256
0.088 0.0075046 10 -0.5 128
0.090 0.0075046 10 -0.5 256
0.090 0.0075046 10 -0.5 128
0.092 0.0075046 10 -0.5 256
0.092 0.0075046 10 -0.5 128
0.094 0.0075046 10 -0.5 256
0.094 0.0075046 10 -0.5 128
0.096 0.0075046 10 -0.5 256
0.096 0.0075046 10 -0.5 128
0.098 0.0075046 10 -0.5 256
0.098 0.0075046 10 -0.5 128
0.100 0.0075046 10 -0.5 256
0.100 0.0075046 10 -0.5 128
0.142 0.030019 10 -0.5 128
0.144 0.030019 10 -0.5 128
0.146 0.030019 10 -0.5 128
0.148 0.030019 10 -0.5 128
0.15 0.030019 10 -0.5 128
0.152 0.030019 10 -0.5 128
0.154 0.030019 10 -0.5 128
0.156 0.030019 10 -0.5 128
0.158 0.030019 10 -0.5 128
0.16 0.030019 10 -0.5 128
0.112 0.015009 10 -0.5 256
0.112 0.015009 10 -0.5 128
0.114 0.015009 10 -0.5 256
0.114 0.015009 10 -0.5 128
0.116 0.015009 10 -0.5 256
0.116 0.015009 10 -0.5 128
0.118 0.015009 10 -0.5 256
0.118 0.015009 10 -0.5 128
0.222 0.090056 10 -0.5 128
0.224 0.090056 10 -0.5 128
0.226 0.090056 10 -0.5 128
0.228 0.090056 10 -0.5 128
0.23 0.090056 10 -0.5 128
0.232 0.090056 10 -0.5 128
0.234 0.090056 10 -0.5 128
0.236 0.090056 10 -0.5 128
0.238 0.090056 10 -0.5 128
0.202 0.0075047 10 -0.5 256
0.202 0.0075047 10 -0.5 128
0.204 0.0075047 10 -0.5 256
0.204 0.0075047 10 -0.5 128
0.206 0.0075047 10 -0.5 256
0.206 0.0075047 10 -0.5 128
0.208 0.0075047 10 -0.5 256
0.208 0.0075047 10 -0.5 128
0.210 0.0075047 10 -0.5 256
0.210 0.0075047 10 -0.5 128
0.212 0.0075047 10 -0.5 256
0.212 0.0075047 10 -0.5 128
0.214 0.0075047 10 -0.5 256
0.214 0.0075047 10 -0.5 128
0.216 0.0075047 10 -0.5 256
0.216 0.0075047 10 -0.5 128
0.218 0.0075047 10 -0.5 256
0.218 0.0075047 10 -0.5 128
0.182 0.0060038 10 -0.5 256
0.184 0.0060038 10 -0.5 256
0.186 0.0060038 10 -0.5 256
0.188 0.0060038 10 -0.5 256
0.19 0.0060038 10 -0.5 256
0.192 0.0060038 10 -0.5 256
0.194 0.0060038 10 -0.5 256
0.196 0.0060038 10 -0.5 256
0.198 0.0060038 10 -0.5 256
0.2 0.0060038 10 -0.5 256
0.162 0.045028 10 -0.5 128
0.164 0.045028 10 -0.5 128
0.166 0.045028 10 -0.5 128
0.168 0.045028 10 -0.5 128
0.17 0.045028 10 -0.5 128
0.172 0.045028 10 -0.5 128
0.174 0.045028 10 -0.5 128
0.176 0.045028 10 -0.5 128
0.178 0.045028 10 -0.5 128