0.004 0.0018761 10 -0.5 256
0.005 0.0018761 10 -0.5 256
0.006 0.0018761 10 -0.5 256
0.007 0.0018761 10 -0.5 256
0.008 0.0018761 10 -0.5 256
0.009 0.0018761 10 -0.5 256
0.005 0.0037523 10 -0.5 256
0.0075 0.0037523 10 -0.5 256
0.01 0.0037523 10 -0.5 256
0.0125 0.0037523 10 -0.5 256
0.015 0.0037523 10 -0.5 256
0.02 0.0037523 10 -0.5 256
0.005 0.0075046 10 -0.5 128
0.0075 0.0075046 10 -0.5 128
0.01 0.0075046 10 -0.5 128
0.0125 0.0075046 10 -0.5 128
0.015 0.0075046 10 -0.5 128
0.02 0.0075046 10 -0.5 128
0.005 0.0075046 10 -0.5 256
0.0075 0.0075046 10 -0.5 256
0.01 0.0075046 10 -0.5 256
0.0125 0.0075046 10 -0.5 256
0.015 0.0075046 10 -0.5 256
0.02 0.0075046 10 -0.5 256
0.01 0.0150094 10 -0.5 128
0.02 0.0150094 10 -0.5 128
0.025 0.0150094 10 -0.5 128
0.03 0.0150094 10 -0.5 128
0.04 0.0150094 10 -0.5 128
0.05 0.0150094 10 -0.5 128
0.01 0.0150094 10 -0.5 256
0.02 0.0150094 10 -0.5 256
0.025 0.0150094 10 -0.5 256
0.03 0.0150094 10 -0.5 256
0.04 0.0150094 10 -0.5 256
0.05 0.0150094 10 -0.5 256
0.03 0.0300187 10 -0.5 128
0.04 0.0300187 10 -0.5 128
0.05 0.0300187 10 -0.5 128
0.06 0.0300187 10 -0.5 128
0.07 0.0300187 10 -0.5 128
0.08 0.0300187 10 -0.5 128
0.03 0.0300187 10 -0.5 256
0.04 0.0300187 10 -0.5 256
0.05 0.0300187 10 -0.5 256
0.06 0.0300187 10 -0.5 256
0.07 0.0300187 10 -0.5 256
0.08 0.0300187 10 -0.5 256
0.05 0.0450281 10 -0.5 128
0.06 0.0450281 10 -0.5 128
0.065 0.0450281 10 -0.5 128
0.7 0.0450281 10 -0.5 128
0.08 0.0450281 10 -0.5 128
0.09 0.0450281 10 -0.5 128
0.08 0.0600375 10 -0.5 128
0.09 0.0600375 10 -0.5 128
0.095 0.0600375 10 -0.5 128
0.1 0.0600375 10 -0.5 128
0.11 0.0600375 10 -0.5 128
0.12 0.0600375 10 -0.5 128
0.1 0.0750468 10 -0.5 128
0.11 0.0750468 10 -0.5 128
0.12 0.0750468 10 -0.5 128
0.13 0.0750468 10 -0.5 128
0.14 0.0750468 10 -0.5 128
0.15 0.0750468 10 -0.5 128
0.13 0.0900562 10 -0.5 128
0.14 0.0900562 10 -0.5 128
0.15 0.0900562 10 -0.5 128
0.16 0.0900562 10 -0.5 128
0.17 0.0900562 10 -0.5 128
0.18 0.0900562 10 -0.5 128