0.025 0.0037523 10 0.5 256
0.05 0.0037523 10 0.5 256
0.075 0.0037523 10 0.5 256
0.1 0.0037523 10 0.5 256
0.125 0.0037523 10 0.5 256
0.15 0.0037523 10 0.5 256
0.175 0.0037523 10 0.5 256
0.2 0.0037523 10 0.5 256
0.025 0.0018761 10 0.5 256
0.05 0.0018761 10 0.5 256
0.075 0.0018761 10 0.5 256
0.1 0.0018761 10 0.5 256
0.125 0.0018761 10 0.5 256
0.15 0.0018761 10 0.5 256
0.175 0.0018761 10 0.5 256
0.2 0.0018761 10 0.5 256
0.025 0.0075046 10 0.5 256
0.025 0.0075046 10 0.5 128
0.05 0.0075046 10 0.5 256
0.05 0.0075046 10 0.5 128
0.075 0.0075046 10 0.5 256
0.075 0.0075046 10 0.5 128
0.1 0.0075046 10 0.5 256
0.1 0.0075046 10 0.5 128
0.125 0.0075046 10 0.5 256
0.125 0.0075046 10 0.5 128
0.15 0.0075046 10 0.5 256
0.15 0.0075046 10 0.5 128
0.175 0.0075046 10 0.5 256
0.175 0.0075046 10 0.5 128
0.2 0.0075046 10 0.5 256
0.2 0.0075046 10 0.5 128
0.025 0.030019 10 0.5 128
0.05 0.030019 10 0.5 128
0.075 0.030019 10 0.5 128
0.1 0.030019 10 0.5 128
0.125 0.030019 10 0.5 128
0.15 0.030019 10 0.5 128
0.175 0.030019 10 0.5 128
0.2 0.030019 10 0.5 128
0.025 0.015009 10 0.5 256
0.025 0.015009 10 0.5 128
0.05 0.015009 10 0.5 256
0.05 0.015009 10 0.5 128
0.075 0.015009 10 0.5 256
0.075 0.015009 10 0.5 128
0.1 0.015009 10 0.5 256
0.1 0.015009 10 0.5 128
0.125 0.015009 10 0.5 256
0.125 0.015009 10 0.5 128
0.15 0.015009 10 0.5 256
0.15 0.015009 10 0.5 128
0.175 0.015009 10 0.5 256
0.175 0.015009 10 0.5 128
0.2 0.015009 10 0.5 256
0.2 0.015009 10 0.5 128
0.025 0.090056 10 0.5 128
0.05 0.090056 10 0.5 128
0.075 0.090056 10 0.5 128
0.1 0.090056 10 0.5 128
0.125 0.090056 10 0.5 128
0.15 0.090056 10 0.5 128
0.175 0.090056 10 0.5 128
0.2 0.090056 10 0.5 128
0.025 0.0075047 10 0.5 256
0.025 0.0075047 10 0.5 128
0.05 0.0075047 10 0.5 256
0.05 0.0075047 10 0.5 128
0.075 0.0075047 10 0.5 256
0.075 0.0075047 10 0.5 128
0.1 0.0075047 10 0.5 256
0.1 0.0075047 10 0.5 128
0.125 0.0075047 10 0.5 256
0.125 0.0075047 10 0.5 128
0.15 0.0075047 10 0.5 256
0.15 0.0075047 10 0.5 128
0.175 0.0075047 10 0.5 256
0.175 0.0075047 10 0.5 128
0.2 0.0075047 10 0.5 256
0.2 0.0075047 10 0.5 128
0.025 0.0060038 10 0.5 256
0.05 0.0060038 10 0.5 256
0.075 0.0060038 10 0.5 256
0.1 0.0060038 10 0.5 256
0.125 0.0060038 10 0.5 256
0.15 0.0060038 10 0.5 256
0.175 0.0060038 10 0.5 256
0.2 0.0060038 10 0.5 256
0.025 0.045028 10 0.5 128
0.05 0.045028 10 0.5 128
0.075 0.045028 10 0.5 128
0.1 0.045028 10 0.5 128
0.125 0.045028 10 0.5 128
0.15 0.045028 10 0.5 128
0.175 0.045028 10 0.5 128
0.2 0.045028 10 0.5 128