0.2 0.05 512 0.04
0.25 0.05 512 0.04
0.3 0.05 512 0.04
0.35 0.05 512 0.04
0.25 0.09 512 0.04
0.25 0.1 512 0.04
0.125 0.1 512 0.04
0.1 0.06 512 0.04
0.12 0.06 512 0.04
0.125 0.06 512 0.04
0.15 0.06 512 0.04
0.173 0.06 512 0.04
0.2 0.06 512 0.04
0.22 0.06 512 0.04
0.25 0.06 512 0.04
0.3 0.06 512 0.04
0.35 0.06 512 0.04
0.1 0.07 512 0.04
0.12 0.07 512 0.04
0.125 0.07 512 0.04
0.15 0.07 512 0.04
0.173 0.07 512 0.04
0.2 0.07 512 0.04
0.22 0.07 512 0.04
0.25 0.07 512 0.04
0.3 0.07 512 0.04
0.35 0.07 512 0.04