0.1 0.06 256 0.03
0.12 0.06 256 0.03
0.125 0.06 256 0.03
0.15 0.06 256 0.03
0.175 0.06 256 0.03
0.22 0.06 256 0.03
0.25 0.06 256 0.03
0.3 0.06 256 0.03
0.35 0.06 256 0.03
0.1 0.08 256 0.03
0.12 0.08 256 0.03
0.125 0.08 256 0.03
0.15 0.08 256 0.03
0.175 0.08 256 0.03
0.22 0.08 256 0.03
0.25 0.08 256 0.03
0.3 0.08 256 0.03
0.35 0.08 256 0.03
0.1 0.1 256 0.03
0.12 0.1 256 0.03
0.125 0.1 256 0.03
0.15 0.1 256 0.03
0.175 0.1 256 0.03
0.22 0.1 256 0.03
0.25 0.1 256 0.03
0.3 0.1 256 0.03
0.35 0.1 256 0.03
0.1 0.12 256 0.03
0.12 0.12 256 0.03
0.125 0.12 256 0.03
0.15 0.12 256 0.03
0.175 0.12 256 0.03
0.22 0.12 256 0.03
0.25 0.12 256 0.03
0.3 0.12 256 0.03
0.35 0.12 256 0.03
0.1 0.15 256 0.03
0.12 0.15 256 0.03
0.125 0.15 256 0.03
0.15 0.15 256 0.03
0.175 0.15 256 0.03
0.22 0.15 256 0.03
0.25 0.15 256 0.03
0.3 0.15 256 0.03
0.35 0.15 256 0.03