0.125 0.12 512 0.045
0.1 0.12 512 0.045
0.12 0.12 512 0.045
0.15 0.12 512 0.045
0.173 0.12 512 0.045
0.22 0.12 512 0.045
0.25 0.12 512 0.045
0.3 0.12 512 0.045
0.35 0.12 512 0.045
0.2 0.12 512 0.045
0.125 0.09 512 0.015
0.1 0.09 512 0.015
0.12 0.09 512 0.015
0.15 0.09 512 0.015
0.173 0.09 512 0.015
0.22 0.09 512 0.015
0.25 0.09 512 0.015
0.3 0.09 512 0.015
0.35 0.09 512 0.015
0.2 0.09 512 0.015
0.125 0.11 512 0.03
0.1 0.11 512 0.03
0.12 0.11 512 0.03
0.15 0.11 512 0.03
0.173 0.11 512 0.03
0.22 0.11 512 0.03
0.25 0.11 512 0.03
0.3 0.11 512 0.03
0.35 0.11 512 0.03
0.2 0.11 512 0.03
0.125 0.13 512 0.045
0.1 0.13 512 0.045
0.12 0.13 512 0.045
0.15 0.13 512 0.045
0.173 0.13 512 0.045
0.22 0.13 512 0.045
0.25 0.13 512 0.045
0.3 0.13 512 0.045
0.35 0.13 512 0.045
0.2 0.13 512 0.045
0.125 0.15 512 0.045
0.1 0.15 512 0.045
0.12 0.15 512 0.045
0.15 0.15 512 0.045
0.173 0.15 512 0.045
0.22 0.15 512 0.045
0.25 0.15 512 0.045
0.3 0.15 512 0.045
0.35 0.15 512 0.045
0.2 0.15 512 0.045