0.125 0.04 512 0.03 -0.5
0.1 0.04 512 0.03 -0.5
0.12 0.04 512 0.03 -0.5
0.15 0.04 512 0.03 -0.5
0.173 0.04 512 0.03 -0.5
0.22 0.04 512 0.03 -0.5
0.125 0.06 512 0.03 -0.5
0.1 0.06 512 0.03 -0.5
0.12 0.06 512 0.03 -0.5
0.15 0.06 512 0.03 -0.5
0.173 0.06 512 0.03 -0.5
0.22 0.06 512 0.03 -0.5
0.125 0.05 512 0.03 -0.5
0.1 0.05 512 0.03 -0.5
0.12 0.05 512 0.03 -0.5
0.15 0.05 512 0.03 -0.5
0.173 0.05 512 0.03 -0.5
0.22 0.05 512 0.03 -0.5
0.1 0.08 512 0.03 -0.5
0.12 0.08 512 0.03 -0.5
0.15 0.08 512 0.03 -0.5
0.173 0.08 512 0.03 -0.5
0.22 0.08 512 0.03 -0.5
0.1 0.09 512 0.03 -0.5
0.12 0.09 512 0.03 -0.5
0.15 0.09 512 0.03 -0.5
0.173 0.09 512 0.03 -0.5
0.22 0.09 512 0.03 -0.5
0.1 0.1 512 0.03 -0.5
0.12 0.1 512 0.03 -0.5
0.15 0.1 512 0.03 -0.5
0.173 0.1 512 0.03 -0.5
0.22 0.1 512 0.03 -0.5
0.125 0.15 512 0.03 -0.5
0.1 0.15 512 0.03 -0.5
0.12 0.15 512 0.03 -0.5
0.15 0.15 512 0.03 -0.5
0.173 0.15 512 0.03 -0.5
0.22 0.15 512 0.03 -0.5
0.125 0.12 512 0.03 -0.5
0.1 0.12 512 0.03 -0.5
0.12 0.12 512 0.03 -0.5
0.15 0.12 512 0.03 -0.5
0.173 0.12 512 0.03 -0.5
0.22 0.12 512 0.03 -0.5