0.125 0.05 512 0.04
0.1 0.05 512 0.04
0.12 0.05 512 0.04
0.15 0.05 512 0.04
0.173 0.05 512 0.04
0.22 0.05 512 0.04
0.1 0.1 512 0.04
0.12 0.1 512 0.04
0.15 0.1 512 0.04
0.173 0.1 512 0.04
0.22 0.1 512 0.04
0.125 0.15 512 0.04
0.1 0.15 512 0.04
0.12 0.15 512 0.04
0.15 0.15 512 0.04
0.173 0.15 512 0.04
0.22 0.15 512 0.04
0.125 0.2 512 0.04
0.1 0.2 512 0.04
0.12 0.2 512 0.04
0.15 0.2 512 0.04
0.173 0.2 512 0.04
0.22 0.2 512 0.04
0.25 0.1 512 0.04
0.3 0.1 512 0.04
0.35 0.1 512 0.04
0.2 0.1 512 0.04
0.125 0.12 512 0.04
0.1 0.12 512 0.04
0.12 0.12 512 0.04
0.15 0.12 512 0.04
0.173 0.12 512 0.04
0.22 0.12 512 0.04
0.25 0.12 512 0.04
0.3 0.12 512 0.04
0.35 0.12 512 0.04
0.2 0.12 512 0.04
0.125 0.14 512 0.04
0.1 0.14 512 0.04
0.12 0.14 512 0.04
0.15 0.14 512 0.04
0.173 0.14 512 0.04
0.22 0.14 512 0.04
0.25 0.14 512 0.04
0.3 0.14 512 0.04
0.35 0.14 512 0.04
0.2 0.14 512 0.04
0.125 0.13 512 0.04
0.1 0.13 512 0.04
0.12 0.13 512 0.04
0.15 0.13 512 0.04
0.173 0.13 512 0.04
0.22 0.13 512 0.04
0.25 0.13 512 0.04
0.3 0.13 512 0.04
0.35 0.13 512 0.04
0.2 0.13 512 0.04
0.1 0.09 512 0.04
0.12 0.09 512 0.04
0.125 0.09 512 0.04
0.15 0.09 512 0.04
0.173 0.09 512 0.04
0.2 0.09 512 0.04
0.22 0.09 512 0.04
0.25 0.09 512 0.04
0.3 0.09 512 0.04
0.35 0.09 512 0.04
0.1 0.08 512 0.04
0.12 0.08 512 0.04
0.125 0.08 512 0.04
0.15 0.08 512 0.04
0.173 0.08 512 0.04
0.2 0.08 512 0.04
0.22 0.08 512 0.04
0.25 0.08 512 0.04
0.3 0.08 512 0.04
0.35 0.08 512 0.04
0.1 0.11 512 0.04
0.12 0.11 512 0.04
0.125 0.11 512 0.04
0.15 0.11 512 0.04
0.173 0.11 512 0.04
0.2 0.11 512 0.04
0.22 0.11 512 0.04
0.25 0.11 512 0.04
0.3 0.11 512 0.04
0.35 0.11 512 0.04