0.125 0.05 512 0.03 -0.5
0.1 0.05 512 0.03 -0.5
0.12 0.05 512 0.03 -0.5
0.15 0.05 512 0.03 -0.5
0.173 0.05 512 0.03 -0.5
0.22 0.05 512 0.03 -0.5
0.1 0.1 512 0.03 -0.5
0.12 0.1 512 0.03 -0.5
0.15 0.1 512 0.03 -0.5
0.173 0.1 512 0.03 -0.5
0.22 0.1 512 0.03 -0.5
0.125 0.15 512 0.03 -0.5
0.1 0.15 512 0.03 -0.5
0.12 0.15 512 0.03 -0.5
0.15 0.15 512 0.03 -0.5
0.173 0.15 512 0.03 -0.5
0.22 0.15 512 0.03 -0.5
0.125 0.2 512 0.03 -0.5
0.1 0.2 512 0.03 -0.5
0.12 0.2 512 0.03 -0.5
0.15 0.2 512 0.03 -0.5
0.173 0.2 512 0.03 -0.5
0.22 0.2 512 0.03 -0.5
0.25 0.1 512 0.03 -0.5
0.3 0.1 512 0.03 -0.5
0.35 0.1 512 0.03 -0.5
0.2 0.1 512 0.03 -0.5
0.125 0.12 512 0.03 -0.5
0.1 0.12 512 0.03 -0.5
0.12 0.12 512 0.03 -0.5
0.15 0.12 512 0.03 -0.5
0.173 0.12 512 0.03 -0.5
0.22 0.12 512 0.03 -0.5
0.25 0.12 512 0.03 -0.5
0.3 0.12 512 0.03 -0.5
0.35 0.12 512 0.03 -0.5
0.2 0.12 512 0.03 -0.5
0.125 0.14 512 0.03 -0.5
0.1 0.14 512 0.03 -0.5
0.12 0.14 512 0.03 -0.5
0.15 0.14 512 0.03 -0.5
0.173 0.14 512 0.03 -0.5
0.22 0.14 512 0.03 -0.5
0.25 0.14 512 0.03 -0.5
0.3 0.14 512 0.03 -0.5
0.35 0.14 512 0.03 -0.5
0.2 0.14 512 0.03 -0.5
0.125 0.13 512 0.03 -0.5
0.1 0.13 512 0.03 -0.5
0.12 0.13 512 0.03 -0.5
0.15 0.13 512 0.03 -0.5
0.173 0.13 512 0.03 -0.5
0.22 0.13 512 0.03 -0.5
0.25 0.13 512 0.03 -0.5
0.3 0.13 512 0.03 -0.5
0.35 0.13 512 0.03 -0.5
0.2 0.13 512 0.03 -0.5